0 0.773766 0.424021 0.048172 0.046653
0 0.386320 0.626479 0.060344 0.094069
0 0.575605 0.480167 0.052039 0.051056
0 0.306184 0.413299 0.020102 0.019597
0 0.528438 0.726722 0.067812 0.102611
0 0.718984 0.602236 0.067187 0.076639
0 0.845977 0.562243 0.068516 0.078847
0 0.777656 0.560694 0.086094 0.097222
0 0.274062 0.598333 0.043125 0.073333
0 0.454336 0.589514 0.057578 0.076528
0 0.584688 0.524861 0.048594 0.045833
0 0.479961 0.435910 0.035547 0.029542
0 0.613008 0.470910 0.037109 0.045708
0 0.482031 0.467500 0.040469 0.040278
0 0.374523 0.441799 0.034922 0.032097
0 0.405734 0.436250 0.039219 0.034306
0 0.345656 0.490917 0.041641 0.054028
0 0.264480 0.481924 0.042398 0.053375
0 0.257539 0.552132 0.039953 0.060431
0 0.453902 0.522333 0.046711 0.057222
0 0.431844 0.937340 0.137391 0.125319
0 0.816641 0.925757 0.153594 0.148486
