0 0.456187 0.604014 0.051344 0.077194
0 0.774734 0.870417 0.118641 0.148306
0 0.877773 0.645674 0.082687 0.071264
0 0.339090 0.545833 0.048227 0.065278
0 0.520738 0.659722 0.069773 0.115278
0 0.265937 0.586111 0.044844 0.073333
0 0.575762 0.483083 0.049883 0.052889
0 0.249570 0.913889 0.099609 0.159722
0 0.362504 0.436097 0.033117 0.030306
0 0.313004 0.422229 0.028055 0.027236
0 0.308551 0.402056 0.029648 0.024528
0 0.371602 0.408833 0.030375 0.026028
0 0.444062 0.461729 0.037266 0.036292
0 0.458805 0.446757 0.033703 0.040903
0 0.485117 0.434799 0.036797 0.043486
0 0.597070 0.464444 0.032312 0.034944
0 0.675074 0.961354 0.116680 0.077292
0 0.236516 0.522910 0.036297 0.056653
0 0.264703 0.485417 0.036875 0.044722
0 0.409402 0.675194 0.059086 0.113833
0 0.228797 0.452917 0.038500 0.039167
0 0.421359 0.544069 0.055422 0.072500
0 0.494266 0.550333 0.049922 0.059306
0 0.700340 0.598917 0.066695 0.071306
0 0.715336 0.513646 0.055375 0.059792
0 0.850840 0.694007 0.089523 0.083181
0 0.284180 0.687083 0.063047 0.120000
