0 0.301055 0.650069 0.051656 0.093056
0 0.274102 0.487646 0.037156 0.043264
0 0.248820 0.946715 0.102484 0.106569
0 0.471215 0.970903 0.107164 0.058194
0 0.625695 0.867681 0.115797 0.174528
0 0.360504 0.411924 0.027961 0.024292
0 0.386824 0.428257 0.028070 0.026458
0 0.344531 0.431931 0.025531 0.025194
0 0.372727 0.511743 0.042719 0.049708
0 0.319723 0.479458 0.036914 0.038083
0 0.564766 0.478465 0.051719 0.052153
0 0.258504 0.548611 0.041117 0.074444
0 0.968008 0.601257 0.063984 0.071403
0 0.651500 0.438965 0.123562 0.092375
0 0.709445 0.551840 0.060172 0.062014
0 0.821813 0.553542 0.068406 0.063750
0 0.423867 0.562014 0.048516 0.072361
0 0.331719 0.538111 0.041094 0.060111
0 0.777055 0.652528 0.081828 0.077000
0 0.571250 0.522479 0.047500 0.042736
0 0.802957 0.507431 0.067992 0.048750
0 0.682578 0.498681 0.051406 0.048472
0 0.506773 0.427583 0.101281 0.091750
