0 0.240496 0.466465 0.035211 0.041958
0 0.936516 0.692208 0.085641 0.076556
0 0.979398 0.580125 0.041125 0.071694
0 0.447281 0.573403 0.053781 0.065833
0 0.929129 0.608486 0.083602 0.075306
0 0.811191 0.676153 0.085023 0.082917
0 0.682387 0.721694 0.085539 0.128083
0 0.522238 0.693181 0.065992 0.116250
0 0.675598 0.580549 0.059586 0.067208
0 0.397344 0.658833 0.072813 0.134611
0 0.590898 0.532847 0.047422 0.051250
0 0.608125 0.476569 0.048281 0.056583
0 0.283773 0.783403 0.080578 0.152083
0 0.876770 0.962799 0.119898 0.074403
0 0.660000 0.472431 0.047656 0.040694
0 0.545914 0.586118 0.070484 0.100625
0 0.677523 0.963181 0.109219 0.073639
0 0.284914 0.628778 0.050266 0.079111
0 0.275113 0.591965 0.040180 0.059736
0 0.329297 0.547160 0.043266 0.061236
0 0.340707 0.493271 0.041445 0.053514
0 0.237414 0.523687 0.037031 0.050986
0 0.202016 0.478410 0.033031 0.049042
0 0.262945 0.446458 0.038234 0.043667
0 0.313586 0.415910 0.028437 0.026458
0 0.391316 0.443653 0.032211 0.030306
0 0.380855 0.428778 0.034305 0.031417
0 0.471687 0.425465 0.045375 0.048181
0 0.536250 0.435569 0.038969 0.036139
0 0.498391 0.483500 0.047172 0.043139
0 0.443953 0.466021 0.037234 0.040903
