0 0.391914 0.630278 0.086484 0.206667
0 0.746719 0.575604 0.068906 0.059625
0 0.544086 0.736181 0.073391 0.115694
0 0.299727 0.594861 0.042891 0.078056
0 0.260371 0.454958 0.031898 0.034778
0 0.371684 0.476701 0.037695 0.040819
0 0.733852 0.801701 0.115203 0.179153
0 0.918879 0.547035 0.067914 0.042403
0 0.400129 0.416278 0.034945 0.035278
0 0.432336 0.508375 0.047562 0.066056
0 0.737109 0.492535 0.052031 0.051847
0 0.294453 0.774444 0.077031 0.136389
0 0.262152 0.485174 0.036711 0.046847
0 0.897035 0.459028 0.071414 0.061944
0 0.509215 0.563750 0.053898 0.060556
0 0.327734 0.540500 0.040313 0.061222
0 0.292695 0.505764 0.039453 0.060417
0 0.251086 0.551660 0.039859 0.048319
0 0.912383 0.595417 0.084453 0.068611
0 0.322605 0.417250 0.040367 0.034167
0 0.331699 0.487639 0.038320 0.045278
