0 0.273188 0.489931 0.034453 0.042083
0 0.686523 0.742688 0.090188 0.116347
0 0.634707 0.558931 0.057930 0.054917
0 0.772316 0.652778 0.077242 0.090278
0 0.264793 0.407972 0.025680 0.020278
0 0.237906 0.409292 0.025234 0.019861
0 0.317750 0.404750 0.023125 0.019028
0 0.426738 0.438292 0.040148 0.037500
0 0.325430 0.422361 0.033359 0.026944
0 0.555625 0.463681 0.055313 0.048750
0 0.760508 0.404132 0.030703 0.040069
0 0.966172 0.704167 0.067656 0.086944
0 0.594797 0.465806 0.037328 0.046278
0 0.397301 0.447326 0.037602 0.031486
0 0.478715 0.611632 0.062039 0.087542
0 0.377289 0.612847 0.055703 0.087083
0 0.237758 0.533604 0.035937 0.046653
0 0.462809 0.950208 0.114055 0.099583
0 0.306937 0.468125 0.037891 0.039028
0 0.497195 0.481389 0.042484 0.038750
0 0.271430 0.824861 0.079484 0.143611
0 0.275320 0.707361 0.061703 0.100000
0 0.608262 0.886486 0.110430 0.175917
0 0.768574 0.567924 0.066914 0.065264
0 0.814031 0.520042 0.059125 0.057028
