0 0.467348 0.438743 0.040352 0.050375
0 0.628617 0.510549 0.052250 0.047597
0 0.418281 0.432708 0.038906 0.040694
0 0.331930 0.482931 0.039141 0.049861
0 0.379945 0.478111 0.039109 0.041833
0 0.295418 0.417771 0.028336 0.029375
0 0.369934 0.591319 0.047789 0.067361
0 0.261176 0.414965 0.021539 0.023014
0 0.248688 0.446868 0.032797 0.039153
0 0.256871 0.480556 0.036570 0.045000
0 0.543227 0.454722 0.047703 0.047778
0 0.345992 0.413264 0.037766 0.037472
0 0.543672 0.505347 0.047187 0.048750
0 0.597516 0.826569 0.093875 0.139778
0 0.870844 0.931986 0.142844 0.136028
0 0.531441 0.585007 0.054180 0.068986
0 0.663875 0.967160 0.110391 0.065681
0 0.308711 0.520368 0.038828 0.055653
0 0.703902 0.503889 0.056852 0.056694
0 0.919496 0.651618 0.098977 0.102764
0 0.765414 0.642278 0.075891 0.085111
0 0.373758 0.518986 0.041016 0.056472
0 0.647645 0.565375 0.057789 0.054361
0 0.495676 0.628722 0.061617 0.102194
0 0.443539 0.502944 0.049437 0.066778
0 0.401004 0.677424 0.060992 0.114903
0 0.657918 0.699174 0.088586 0.113542
