0 0.516156 0.430597 0.044219 0.042583
0 0.779219 0.646736 0.086719 0.108750
0 0.261684 0.901181 0.122898 0.197639
0 0.551004 0.472118 0.048617 0.055625
0 0.269437 0.434903 0.033281 0.030972
0 0.324000 0.445278 0.039922 0.048750
0 0.274082 0.462368 0.035430 0.038403
0 0.385258 0.484625 0.039141 0.041944
0 0.378660 0.512424 0.044383 0.064125
0 0.463961 0.452778 0.035937 0.038750
0 0.838828 0.618681 0.078281 0.077083
0 0.661914 0.471181 0.048062 0.045139
0 0.328437 0.538611 0.041875 0.066944
0 0.230156 0.468125 0.033438 0.038750
0 0.622969 0.679000 0.077344 0.103278
0 0.290664 0.503264 0.037891 0.046528
0 0.543141 0.584424 0.056984 0.079403
0 0.461848 0.519729 0.051383 0.066208
0 0.369246 0.441215 0.024992 0.026958
0 0.237148 0.441632 0.035797 0.034875
0 0.299047 0.403444 0.025156 0.020000
0 0.990824 0.642319 0.018023 0.057972
0 0.438078 0.582187 0.048578 0.062819
0 0.475309 0.632528 0.057977 0.081611
0 0.699219 0.538576 0.055312 0.056875
0 0.734766 0.515486 0.051875 0.050972
0 0.284414 0.626667 0.062422 0.105000
0 0.616121 0.498194 0.050727 0.059444
