0 0.507133 0.464465 0.040359 0.037986
0 0.333906 0.425222 0.030625 0.030722
0 0.663398 0.518465 0.050859 0.051931
0 0.859258 0.707083 0.105859 0.108889
0 0.381055 0.626319 0.050391 0.077639
0 0.985582 0.636264 0.028383 0.087583
0 0.423809 0.421687 0.037070 0.034153
0 0.830715 0.612056 0.071617 0.062139
0 0.568602 0.447431 0.037656 0.032917
0 0.561219 0.491840 0.043578 0.045764
0 0.189812 0.395910 0.021187 0.021514
0 0.252820 0.405444 0.030750 0.032361
0 0.342859 0.411486 0.025703 0.020139
0 0.432922 0.899278 0.104312 0.201444
0 0.344902 0.493639 0.040336 0.044056
0 0.294965 0.468486 0.040180 0.048194
0 0.597691 0.640382 0.068852 0.089208
0 0.860051 0.944194 0.120992 0.111611
0 0.273965 0.840840 0.085648 0.133069
0 0.633012 0.561507 0.050867 0.050625
0 0.308086 0.529583 0.042578 0.067500
0 0.238789 0.521667 0.039766 0.064167
