0 0.289844 0.595278 0.080000 0.168056
0 0.341562 0.543194 0.041719 0.063889
0 0.722699 0.549736 0.064523 0.072750
0 0.594141 0.529514 0.046562 0.051250
0 0.500285 0.555486 0.064320 0.073194
0 0.531992 0.678118 0.069297 0.112097
0 0.491285 0.461667 0.038977 0.039167
0 0.384887 0.426986 0.017742 0.022361
0 0.624844 0.499597 0.052031 0.053083
0 0.440617 0.582722 0.052109 0.069000
0 0.351562 0.471389 0.044531 0.067778
0 0.249336 0.517361 0.045859 0.073056
0 0.447813 0.457743 0.046500 0.048264
0 0.839027 0.618604 0.091758 0.080875
0 0.325297 0.421222 0.030078 0.033056
0 0.284195 0.405639 0.027812 0.024167
0 0.364305 0.435069 0.035781 0.033750
0 0.431070 0.424583 0.032422 0.033472
0 0.515719 0.440389 0.046562 0.044722
0 0.833609 0.553208 0.080500 0.071639
0 0.243484 0.430639 0.035937 0.036667
0 0.254691 0.457632 0.030789 0.036681
