0 0.367703 0.511014 0.046766 0.057083
0 0.502387 0.554028 0.049195 0.056472
0 0.396125 0.691528 0.059344 0.093444
0 0.560852 0.510090 0.048672 0.048569
0 0.347750 0.430167 0.033516 0.030972
0 0.428691 0.501312 0.043305 0.052542
0 0.435000 0.442965 0.032187 0.033236
0 0.505535 0.442639 0.117523 0.135556
0 0.664781 0.495708 0.045859 0.037361
0 0.453133 0.959028 0.119078 0.081944
0 0.866367 0.720812 0.095078 0.097514
0 0.620336 0.550694 0.051672 0.051667
0 0.266547 0.539653 0.038625 0.064861
0 0.242070 0.467917 0.036797 0.053333
0 0.652148 0.516944 0.053047 0.045000
0 0.742578 0.562153 0.059531 0.051528
0 0.773320 0.536944 0.053828 0.047500
0 0.732812 0.620903 0.068906 0.069861
0 0.204922 0.484444 0.035469 0.058333
0 0.287148 0.502986 0.037734 0.048472
