0 0.835273 0.691111 0.086797 0.086667
0 0.765090 0.605264 0.067164 0.069694
0 0.481758 0.456389 0.038516 0.025833
0 0.632832 0.476736 0.046055 0.041111
0 0.614613 0.505993 0.050258 0.054458
0 0.304352 0.404931 0.027734 0.023611
0 0.383539 0.484458 0.041719 0.044806
0 0.273035 0.409757 0.029195 0.028931
0 0.322797 0.418653 0.030313 0.028056
0 0.434863 0.947167 0.125133 0.105667
0 0.970352 0.719708 0.059297 0.093639
0 0.621172 0.452049 0.047422 0.035486
0 0.314531 0.478375 0.040781 0.040694
0 0.261797 0.546097 0.041094 0.060139
0 0.352063 0.438153 0.024984 0.019639
0 0.245195 0.468882 0.037844 0.045958
0 0.502848 0.649896 0.069930 0.107847
0 0.555629 0.460847 0.035242 0.038972
0 0.559059 0.775174 0.082117 0.124764
0 0.825617 0.553174 0.072453 0.071042
0 0.460703 0.469028 0.039844 0.034167
0 0.390078 0.430903 0.031875 0.027361
0 0.323477 0.525347 0.045078 0.075417
0 0.281406 0.653264 0.057344 0.101250
